image: /home/paula/turtlecup_v3.pgm
resolution: 0.050000
origin: [-12.80000, -11.10000, 0.000000]
negate: 0
occupied_thresh: 0.65
free_thresh: 0.196

